SOURCE SNAPSHOT — HISTORICAL AS7265x MEASUREMENT SESSION
========================================================
Supplied by the project author, 2026-08-15, as the authoritative
historical measurement dataset for the Freya science module.

This file is a VERBATIM transcription. Formatting irregularities in the
original (inconsistent header case, a stray header line after the Calcium
Carbonate block, "--- reflectance data ---" markers appearing before some
materials, and the absence of W940 from the standalone Dark table) are
PRESERVED DELIBERATELY. They are evidence about how the original data was
produced and must not be tidied away.

DB1 is generated from this file by
firmware/BD/databases/DB1_measured_legacy/build_db1.py and the SHA256 of
this file is recorded in the DB1 manifest. Do not edit it. If a
correction is ever required, add a new snapshot beside this one and
record the supersession.

Known anomalies, catalogued rather than corrected — see AUDIT_DB1.md:
  1. The standalone Dark table lists A..V (17 channels). W940 is absent.
     Every per-material table nevertheless carries W | 940 | 0.0000.
  2. Dark is 0.0000 on every channel except D485 = 3.4855.
  3. Several materials exceed reflectance 1.0 (Talc, Magnesium Carbonate,
     Citric Acid). NOT clipped.
  4. Iron(II,III) Oxide Black reads exactly 0.0000 raw on K680 and L705.

========================================================================

Dark Measurement:
--- DARK REFERENCE ---
CH  | nm   | Value
--------------------------------
A   | 410  | 0.0000
B   | 435  | 0.0000
C   | 460  | 0.0000
D   | 485  | 3.4855
E   | 510  | 0.0000
F   | 535  | 0.0000
G   | 560  | 0.0000
H   | 585  | 0.0000
I   | 610  | 0.0000
J   | 645  | 0.0000
K   | 680  | 0.0000
L   | 705  | 0.0000
R   | 730  | 0.0000
S   | 760  | 0.0000
T   | 810  | 0.0000
U   | 860  | 0.0000
V   | 900  | 0.0000

White Measurement:
--- WHITE REFERENCE ---
CH  | nm   | Value
--------------------------------
A   | 410  | 29.9166
B   | 435  | 135.6742
C   | 460  | 458.6046
D   | 485  | 256.1812
E   | 510  | 380.3354
F   | 535  | 494.2911
G   | 560  | 428.3792
H   | 585  | 645.9812
I   | 610  | 514.9370
J   | 645  | 121.7631
K   | 680  | 14.9317
L   | 705  | 21.1497
R   | 730  | 1873.6044
S   | 760  | 558.7975
T   | 810  | 121.0452
U   | 860  | 70.2892
V   | 900  | 105.9207
W   | 940  | 61.7612




Iron(III) Oxide Red:
CH  | nm   | Dark       | White      | Sample     | Reflectance
----------------------------------------------------------------------------
A   | 410  | 0.0000     | 29.9166    | 4.8513     | 0.1622
B   | 435  | 0.0000     | 135.6742   | 10.7368    | 0.0791
C   | 460  | 0.0000     | 458.6046   | 19.9393    | 0.0435
D   | 485  | 3.4855     | 256.1812   | 11.3277    | 0.0310
E   | 510  | 0.0000     | 380.3354   | 16.8020    | 0.0442
F   | 535  | 0.0000     | 494.2911   | 21.6794    | 0.0439
G   | 560  | 0.0000     | 428.3792   | 21.6201    | 0.0505
H   | 585  | 0.0000     | 645.9812   | 68.3204    | 0.1058
I   | 610  | 0.0000     | 514.9370   | 104.3282   | 0.2026
J   | 645  | 0.0000     | 121.7631   | 30.3435    | 0.2492
K   | 680  | 0.0000     | 14.9317    | 2.2972     | 0.1538
L   | 705  | 0.0000     | 21.1497    | 3.6782     | 0.1739
R   | 730  | 0.0000     | 1873.6044  | 427.6126   | 0.2282
S   | 760  | 0.0000     | 558.7975   | 161.2341   | 0.2885
T   | 810  | 0.0000     | 121.0452   | 40.8828    | 0.3377
U   | 860  | 0.0000     | 70.2892    | 20.4639    | 0.2911
V   | 900  | 0.0000     | 105.9207   | 22.4680    | 0.2121
W   | 940  | 0.0000     | 61.7612    | 14.3374    | 0.2321

Iron(II,III) Oxide Black:
ch  | nm   | dark       | white      | sample     | reflectance
----------------------------------------------------------------------------
A   | 410  | 0.0000     | 29.9166    | 0.8086     | 0.0270
B   | 435  | 0.0000     | 135.6742   | 2.9282     | 0.0216
C   | 460  | 0.0000     | 458.6046   | 10.4444    | 0.0228
D   | 485  | 3.4855     | 256.1812   | 6.0996     | 0.0103
E   | 510  | 0.0000     | 380.3354   | 8.4010     | 0.0221
F   | 535  | 0.0000     | 494.2911   | 10.1171    | 0.0205
G   | 560  | 0.0000     | 428.3792   | 7.0391     | 0.0164
H   | 585  | 0.0000     | 645.9812   | 9.8947     | 0.0153
I   | 610  | 0.0000     | 514.9370   | 7.9608     | 0.0155
J   | 645  | 0.0000     | 121.7631   | 2.3341     | 0.0192
K   | 680  | 0.0000     | 14.9317    | 0.0000     | 0.0000
L   | 705  | 0.0000     | 21.1497    | 0.0000     | 0.0000
R   | 730  | 0.0000     | 1873.6044  | 37.3228    | 0.0199
S   | 760  | 0.0000     | 558.7975   | 12.1478    | 0.0217
T   | 810  | 0.0000     | 121.0452   | 2.4049     | 0.0199
U   | 860  | 0.0000     | 70.2892    | 1.7795     | 0.0253
V   | 900  | 0.0000     | 105.9207   | 2.4073     | 0.0227
W   | 940  | 0.0000     | 61.7612    | 1.1029     | 0.0179

Sulfur Powder:
ch  | nm   | dark       | white      | sample     | reflectance
----------------------------------------------------------------------------
A   | 410  | 0.0000     | 29.9166    | 21.0225    | 0.7027
B   | 435  | 0.0000     | 135.6742   | 65.3969    | 0.4820
C   | 460  | 0.0000     | 458.6046   | 240.2214   | 0.5238
D   | 485  | 3.4855     | 256.1812   | 181.2438   | 0.7034
E   | 510  | 0.0000     | 380.3354   | 308.5452   | 0.8112
F   | 535  | 0.0000     | 494.2911   | 415.5225   | 0.8406
G   | 560  | 0.0000     | 428.3792   | 337.8765   | 0.7887
H   | 585  | 0.0000     | 645.9812   | 489.5511   | 0.7578
I   | 610  | 0.0000     | 514.9370   | 373.7378   | 0.7258
J   | 645  | 0.0000     | 121.7631   | 92.1976    | 0.7572
K   | 680  | 0.0000     | 14.9317    | 11.4859    | 0.7692
L   | 705  | 0.0000     | 21.1497    | 15.6324    | 0.7391
R   | 730  | 0.0000     | 1873.6044  | 1545.1637  | 0.8247
S   | 760  | 0.0000     | 558.7975   | 453.8849   | 0.8123
T   | 810  | 0.0000     | 121.0452   | 97.7981    | 0.8079
U   | 860  | 0.0000     | 70.2892    | 57.8329    | 0.8228
V   | 900  | 0.0000     | 105.9207   | 88.2672    | 0.8333
W   | 940  | 0.0000     | 61.7612    | 50.7324    | 0.8214

Magnesium Oxide:
ch  | nm   | dark       | white      | sample     | reflectance
----------------------------------------------------------------------------
A   | 410  | 0.0000     | 29.9166    | 18.5968    | 0.6216
B   | 435  | 0.0000     | 135.6742   | 82.9662    | 0.6115
C   | 460  | 0.0000     | 458.6046   | 266.8072   | 0.5818
D   | 485  | 3.4855     | 256.1812   | 147.2606   | 0.5690
E   | 510  | 0.0000     | 380.3354   | 232.1726   | 0.6104
F   | 535  | 0.0000     | 494.2911   | 316.5197   | 0.6404
G   | 560  | 0.0000     | 428.3792   | 245.8655   | 0.5739
H   | 585  | 0.0000     | 645.9812   | 382.1231   | 0.5915
I   | 610  | 0.0000     | 514.9370   | 315.9174   | 0.6135
J   | 645  | 0.0000     | 121.7631   | 80.9160    | 0.6645
K   | 680  | 0.0000     | 14.9317    | 9.1888     | 0.6154
L   | 705  | 0.0000     | 21.1497    | 13.7933    | 0.6522
R   | 730  | 0.0000     | 1873.6044  | 1318.0278  | 0.7035
S   | 760  | 0.0000     | 558.7975   | 404.1895   | 0.7233
T   | 810  | 0.0000     | 121.0452   | 92.1867    | 0.7616
U   | 860  | 0.0000     | 70.2892    | 51.6047    | 0.7342
V   | 900  | 0.0000     | 105.9207   | 73.8235    | 0.6970
W   | 940  | 0.0000     | 61.7612    | 41.9094    | 0.6786
Calcium Carbonate (Chalk):
ch  | nm   | dark       | white      | sample     | reflectance
----------------------------------------------------------------------------
A   | 410  | 0.0000     | 29.9166    | 25.0653    | 0.8378
B   | 435  | 0.0000     | 135.6742   | 124.9374   | 0.9209
C   | 460  | 0.0000     | 458.6046   | 413.9785   | 0.9027
D   | 485  | 3.4855     | 256.1812   | 223.0693   | 0.8690
E   | 510  | 0.0000     | 380.3354   | 340.6217   | 0.8956
F   | 535  | 0.0000     | 494.2911   | 450.2096   | 0.9108
G   | 560  | 0.0000     | 428.3792   | 315.7536   | 0.7371
H   | 585  | 0.0000     | 645.9812   | 475.4158   | 0.7360
I   | 610  | 0.0000     | 514.9370   | 371.2239   | 0.7209
J   | 645  | 0.0000     | 121.7631   | 92.5866    | 0.7604
K   | 680  | 0.0000     | 14.9317    | 11.4859    | 0.7692
L   | 705  | 0.0000     | 21.1497    | 16.5520    | 0.7826
R   | 730  | 0.0000     | 1873.6044  | 1633.6721  | 0.8719
S   | 760  | 0.0000     | 558.7975   | 488.1195   | 0.8735
T   | 810  | 0.0000     | 121.0452   | 108.2192   | 0.8940
U   | 860  | 0.0000     | 70.2892    | 63.1713    | 0.8987
V   | 900  | 0.0000     | 105.9207   | 91.4769    | 0.8636
W   | 940  | 0.0000     | 61.7612    | 51.8353    | 0.8393
ch  | nm   | dark       | white      | sample     | reflectance

Kaolin (White Clay):
----------------------------------------------------------------------------
A   | 410  | 0.0000     | 29.9166    | 21.0225    | 0.7027
B   | 435  | 0.0000     | 135.6742   | 93.7031    | 0.6906
C   | 460  | 0.0000     | 458.6046   | 304.7869   | 0.6646
D   | 485  | 3.4855     | 256.1812   | 177.7583   | 0.6897
E   | 510  | 0.0000     | 380.3354   | 279.5236   | 0.7349
F   | 535  | 0.0000     | 494.2911   | 374.3315   | 0.7573
G   | 560  | 0.0000     | 428.3792   | 288.1001   | 0.6725
H   | 585  | 0.0000     | 645.9812   | 433.0101   | 0.6703
I   | 610  | 0.0000     | 514.9370   | 337.2858   | 0.6550
J   | 645  | 0.0000     | 121.7631   | 84.4172    | 0.6933
K   | 680  | 0.0000     | 14.9317    | 10.3374    | 0.6923
L   | 705  | 0.0000     | 21.1497    | 14.7129    | 0.6957
R   | 730  | 0.0000     | 1873.6044  | 1453.4563  | 0.7758
S   | 760  | 0.0000     | 558.7975   | 419.6503   | 0.7510
T   | 810  | 0.0000     | 121.0452   | 93.7900    | 0.7748
U   | 860  | 0.0000     | 70.2892    | 53.3842    | 0.7595
V   | 900  | 0.0000     | 105.9207   | 81.8478    | 0.7727
W   | 940  | 0.0000     | 61.7612    | 46.3209    | 0.7500
--- reflectance data ---
Bentonite:
ch  | nm   | dark       | white      | sample     | reflectance
----------------------------------------------------------------------------
A   | 410  | 0.0000     | 29.9166    | 8.8941     | 0.2973
B   | 435  | 0.0000     | 135.6742   | 30.2583    | 0.2230
C   | 460  | 0.0000     | 458.6046   | 92.1007    | 0.2008
D   | 485  | 3.4855     | 256.1812   | 55.7673    | 0.2069
E   | 510  | 0.0000     | 380.3354   | 94.7020    | 0.2490
F   | 535  | 0.0000     | 494.2911   | 140.1937   | 0.2836
G   | 560  | 0.0000     | 428.3792   | 114.1339   | 0.2664
H   | 585  | 0.0000     | 645.9812   | 177.1619   | 0.2743
I   | 610  | 0.0000     | 514.9370   | 144.5511   | 0.2807
J   | 645  | 0.0000     | 121.7631   | 37.7349    | 0.3099
K   | 680  | 0.0000     | 14.9317    | 4.0201     | 0.2692
L   | 705  | 0.0000     | 21.1497    | 6.4369     | 0.3043
R   | 730  | 0.0000     | 1873.6044  | 612.0939   | 0.3267
S   | 760  | 0.0000     | 558.7975   | 187.7383   | 0.3360
T   | 810  | 0.0000     | 121.0452   | 44.0893    | 0.3642
U   | 860  | 0.0000     | 70.2892    | 24.9126    | 0.3544
V   | 900  | 0.0000     | 105.9207   | 34.5045    | 0.3258
W   | 940  | 0.0000     | 61.7612    | 19.8518    | 0.3214

Epsom Salt (Magnesium Sulfate)
ch  | nm   | dark       | white      | sample     | reflectance
----------------------------------------------------------------------------
A   | 410  | 0.0000     | 29.9166    | 21.8310    | 0.7297
B   | 435  | 0.0000     | 135.6742   | 115.1767   | 0.8489
C   | 460  | 0.0000     | 458.6046   | 390.2412   | 0.8509
D   | 485  | 3.4855     | 256.1812   | 206.5134   | 0.8034
E   | 510  | 0.0000     | 380.3354   | 318.4736   | 0.8373
F   | 535  | 0.0000     | 494.2911   | 415.5225   | 0.8406
G   | 560  | 0.0000     | 428.3792   | 306.7034   | 0.7160
H   | 585  | 0.0000     | 645.9812   | 453.2706   | 0.7017
I   | 610  | 0.0000     | 514.9370   | 341.0567   | 0.6623
J   | 645  | 0.0000     | 121.7631   | 85.5843    | 0.7029
K   | 680  | 0.0000     | 14.9317    | 10.9116    | 0.7308
L   | 705  | 0.0000     | 21.1497    | 15.6324    | 0.7391
R   | 730  | 0.0000     | 1873.6044  | 1477.9827  | 0.7888
S   | 760  | 0.0000     | 558.7975   | 419.6503   | 0.7510
T   | 810  | 0.0000     | 121.0452   | 93.7900    | 0.7748
U   | 860  | 0.0000     | 70.2892    | 53.3842    | 0.7595
V   | 900  | 0.0000     | 105.9207   | 82.6502    | 0.7803
W   | 940  | 0.0000     | 61.7612    | 45.2180    | 0.7321

Activated Carbon:
ch  | nm   | dark       | white      | sample     | reflectance
----------------------------------------------------------------------------
A   | 410  | 0.0000     | 29.9166    | 0.8086     | 0.0270
B   | 435  | 0.0000     | 135.6742   | 3.9043     | 0.0288
C   | 460  | 0.0000     | 458.6046   | 14.2424    | 0.0311
D   | 485  | 3.4855     | 256.1812   | 7.8423     | 0.0172
E   | 510  | 0.0000     | 380.3354   | 12.2196    | 0.0321
F   | 535  | 0.0000     | 494.2911   | 15.8983    | 0.0322
G   | 560  | 0.0000     | 428.3792   | 11.5642    | 0.0270
H   | 585  | 0.0000     | 645.9812   | 15.5488    | 0.0241
I   | 610  | 0.0000     | 514.9370   | 12.5697    | 0.0244
J   | 645  | 0.0000     | 121.7631   | 3.5012     | 0.0288
K   | 680  | 0.0000     | 14.9317    | 0.5743     | 0.0385
L   | 705  | 0.0000     | 21.1497    | 0.9196     | 0.0435
R   | 730  | 0.0000     | 1873.6044  | 62.9156    | 0.0336
S   | 760  | 0.0000     | 558.7975   | 16.5651    | 0.0296
T   | 810  | 0.0000     | 121.0452   | 4.0081     | 0.0331
U   | 860  | 0.0000     | 70.2892    | 2.6692     | 0.0380
V   | 900  | 0.0000     | 105.9207   | 3.2097     | 0.0303
W   | 940  | 0.0000     | 61.7612    | 2.2058     | 0.0357

Aluminum Sulfate
ch  | nm   | dark       | white      | sample     | reflectance
----------------------------------------------------------------------------
A   | 410  | 0.0000     | 29.9166    | 21.8310    | 0.7297
B   | 435  | 0.0000     | 135.6742   | 109.3202   | 0.8058
C   | 460  | 0.0000     | 458.6046   | 361.7564   | 0.7888
D   | 485  | 3.4855     | 256.1812   | 197.7997   | 0.7690
E   | 510  | 0.0000     | 380.3354   | 308.5452   | 0.8112
F   | 535  | 0.0000     | 494.2911   | 405.4054   | 0.8202
G   | 560  | 0.0000     | 428.3792   | 280.0554   | 0.6538
H   | 585  | 0.0000     | 645.9812   | 420.7595   | 0.6513
I   | 610  | 0.0000     | 514.9370   | 325.1352   | 0.6314
J   | 645  | 0.0000     | 121.7631   | 83.6392    | 0.6869
K   | 680  | 0.0000     | 14.9317    | 10.3374    | 0.6923
L   | 705  | 0.0000     | 21.1497    | 14.7129    | 0.6957
R   | 730  | 0.0000     | 1873.6044  | 1476.9164  | 0.7883
S   | 760  | 0.0000     | 558.7975   | 417.4416   | 0.7470
T   | 810  | 0.0000     | 121.0452   | 94.5916    | 0.7815
U   | 860  | 0.0000     | 70.2892    | 53.3842    | 0.7595
V   | 900  | 0.0000     | 105.9207   | 81.0454    | 0.7652
W   | 940  | 0.0000     | 61.7612    | 45.2180    | 0.7321

Sodium Bicarbonate
ch  | nm   | dark       | white      | sample     | reflectance
----------------------------------------------------------------------------
A   | 410  | 0.0000     | 29.9166    | 25.0653    | 0.8378
B   | 435  | 0.0000     | 135.6742   | 133.7221   | 0.9856
C   | 460  | 0.0000     | 458.6046   | 457.6551   | 0.9979
D   | 485  | 3.4855     | 256.1812   | 233.5257   | 0.9103
E   | 510  | 0.0000     | 380.3354   | 365.8246   | 0.9618
F   | 535  | 0.0000     | 494.2911   | 483.4514   | 0.9781
G   | 560  | 0.0000     | 428.3792   | 357.9882   | 0.8357
H   | 585  | 0.0000     | 645.9812   | 512.6387   | 0.7936
I   | 610  | 0.0000     | 514.9370   | 377.5087   | 0.7331
J   | 645  | 0.0000     | 121.7631   | 100.7560   | 0.8275
K   | 680  | 0.0000     | 14.9317    | 12.6345    | 0.8462
L   | 705  | 0.0000     | 21.1497    | 17.4715    | 0.8261
R   | 730  | 0.0000     | 1873.6044  | 1722.1804  | 0.9192
S   | 760  | 0.0000     | 558.7975   | 488.1195   | 0.8735
T   | 810  | 0.0000     | 121.0452   | 111.4257   | 0.9205
U   | 860  | 0.0000     | 70.2892    | 64.0610    | 0.9114
V   | 900  | 0.0000     | 105.9207   | 96.2915    | 0.9091
W   | 940  | 0.0000     | 61.7612    | 52.9381    | 0.8571

Green Clay (Illite)
ch  | nm   | dark       | white      | sample     | reflectance
----------------------------------------------------------------------------
A   | 410  | 0.0000     | 29.9166    | 12.1284    | 0.4054
B   | 435  | 0.0000     | 135.6742   | 47.8276    | 0.3525
C   | 460  | 0.0000     | 458.6046   | 151.9187   | 0.3313
D   | 485  | 3.4855     | 256.1812   | 90.6219    | 0.3448
E   | 510  | 0.0000     | 380.3354   | 147.3991   | 0.3876
F   | 535  | 0.0000     | 494.2911   | 210.2905   | 0.4254
G   | 560  | 0.0000     | 428.3792   | 168.4355   | 0.3932
H   | 585  | 0.0000     | 645.9812   | 255.8482   | 0.3961
I   | 610  | 0.0000     | 514.9370   | 204.0475   | 0.3963
J   | 645  | 0.0000     | 121.7631   | 50.9615    | 0.4185
K   | 680  | 0.0000     | 14.9317    | 5.7430     | 0.3846
L   | 705  | 0.0000     | 21.1497    | 8.2760     | 0.3913
R   | 730  | 0.0000     | 1873.6044  | 827.4997   | 0.4417
S   | 760  | 0.0000     | 558.7975   | 246.2684   | 0.4407
T   | 810  | 0.0000     | 121.0452   | 56.9153    | 0.4702
U   | 860  | 0.0000     | 70.2892    | 32.0305    | 0.4557
V   | 900  | 0.0000     | 105.9207   | 46.5409    | 0.4394
W   | 940  | 0.0000     | 61.7612    | 26.4691    | 0.4286

Pink Clay
ch  | nm   | dark       | white      | sample     | reflectance
----------------------------------------------------------------------------
A   | 410  | 0.0000     | 29.9166    | 16.1711    | 0.5405
B   | 435  | 0.0000     | 135.6742   | 56.6123    | 0.4173
C   | 460  | 0.0000     | 458.6046   | 164.2621   | 0.3582
D   | 485  | 3.4855     | 256.1812   | 101.0783   | 0.3862
E   | 510  | 0.0000     | 380.3354   | 156.5638   | 0.4116
F   | 535  | 0.0000     | 494.2911   | 211.0132   | 0.4269
G   | 560  | 0.0000     | 428.3792   | 159.3852   | 0.3721
H   | 585  | 0.0000     | 645.9812   | 287.8881   | 0.4457
I   | 610  | 0.0000     | 514.9370   | 266.8958   | 0.5183
J   | 645  | 0.0000     | 121.7631   | 66.5223    | 0.5463
K   | 680  | 0.0000     | 14.9317    | 6.8916     | 0.4615
L   | 705  | 0.0000     | 21.1497    | 11.0346    | 0.5217
R   | 730  | 0.0000     | 1873.6044  | 1121.8166  | 0.5987
S   | 760  | 0.0000     | 558.7975   | 333.5115   | 0.5968
T   | 810  | 0.0000     | 121.0452   | 80.9640    | 0.6689
U   | 860  | 0.0000     | 70.2892    | 43.5971    | 0.6203
V   | 900  | 0.0000     | 105.9207   | 60.1822    | 0.5682
W   | 940  | 0.0000     | 61.7612    | 33.0863    | 0.5357


Red Clay
ch  | nm   | dark       | white      | sample     | reflectance
----------------------------------------------------------------------------
A   | 410  | 0.0000     | 29.9166    | 11.3198    | 0.3784
B   | 435  | 0.0000     | 135.6742   | 35.1386    | 0.2590
C   | 460  | 0.0000     | 458.6046   | 93.9997    | 0.2050
D   | 485  | 3.4855     | 256.1812   | 56.6387    | 0.2103
E   | 510  | 0.0000     | 380.3354   | 90.1196    | 0.2369
F   | 535  | 0.0000     | 494.2911   | 126.4634   | 0.2558
G   | 560  | 0.0000     | 428.3792   | 101.0613   | 0.2359
H   | 585  | 0.0000     | 645.9812   | 199.3071   | 0.3085
I   | 610  | 0.0000     | 514.9370   | 196.9246   | 0.3824
J   | 645  | 0.0000     | 121.7631   | 50.5725    | 0.4153
K   | 680  | 0.0000     | 14.9317    | 5.1687     | 0.3462
L   | 705  | 0.0000     | 21.1497    | 7.3564     | 0.3478
R   | 730  | 0.0000     | 1873.6044  | 845.6279   | 0.4513
S   | 760  | 0.0000     | 558.7975   | 265.0423   | 0.4743
T   | 810  | 0.0000     | 121.0452   | 63.3283    | 0.5232
U   | 860  | 0.0000     | 70.2892    | 34.6997    | 0.4937
V   | 900  | 0.0000     | 105.9207   | 44.9360    | 0.4242
W   | 940  | 0.0000     | 61.7612    | 25.3662    | 0.4107
Iron(II) Sulfate
ch  | nm   | dark       | white      | sample     | reflectance
----------------------------------------------------------------------------
A   | 410  | 0.0000     | 29.9166    | 10.5112    | 0.3514
B   | 435  | 0.0000     | 135.6742   | 34.1626    | 0.2518
C   | 460  | 0.0000     | 458.6046   | 109.1916   | 0.2381
D   | 485  | 3.4855     | 256.1812   | 82.7796    | 0.3138
E   | 510  | 0.0000     | 380.3354   | 132.1245   | 0.3474
F   | 535  | 0.0000     | 494.2911   | 179.2166   | 0.3626
G   | 560  | 0.0000     | 428.3792   | 160.3908   | 0.3744
H   | 585  | 0.0000     | 645.9812   | 252.5499   | 0.3910
I   | 610  | 0.0000     | 514.9370   | 176.8132   | 0.3434
J   | 645  | 0.0000     | 121.7631   | 30.3435    | 0.2492
K   | 680  | 0.0000     | 14.9317    | 5.1687     | 0.3462
L   | 705  | 0.0000     | 21.1497    | 7.3564     | 0.3478
R   | 730  | 0.0000     | 1873.6044  | 669.6776   | 0.3574
S   | 760  | 0.0000     | 558.7975   | 136.9385   | 0.2451
T   | 810  | 0.0000     | 121.0452   | 30.4617    | 0.2517
U   | 860  | 0.0000     | 70.2892    | 17.7947    | 0.2532
V   | 900  | 0.0000     | 105.9207   | 33.7020    | 0.3182
W   | 940  | 0.0000     | 61.7612    | 17.6460    | 0.2857

Borax (Sodium Tetraborate)
ch  | nm   | dark       | white      | sample     | reflectance
----------------------------------------------------------------------------
A   | 410  | 0.0000     | 29.9166    | 25.0653    | 0.8378
B   | 435  | 0.0000     | 135.6742   | 126.8896   | 0.9353
C   | 460  | 0.0000     | 458.6046   | 422.5239   | 0.9213
D   | 485  | 3.4855     | 256.1812   | 229.1689   | 0.8931
E   | 510  | 0.0000     | 380.3354   | 351.3138   | 0.9237
F   | 535  | 0.0000     | 494.2911   | 458.8814   | 0.9284
G   | 560  | 0.0000     | 428.3792   | 345.9212   | 0.8075
H   | 585  | 0.0000     | 645.9812   | 522.5334   | 0.8089
I   | 610  | 0.0000     | 514.9370   | 403.0670   | 0.7828
J   | 645  | 0.0000     | 121.7631   | 97.6439    | 0.8019
K   | 680  | 0.0000     | 14.9317    | 12.6345    | 0.8462
L   | 705  | 0.0000     | 21.1497    | 18.3911    | 0.8696
R   | 730  | 0.0000     | 1873.6044  | 1659.2649  | 0.8856
S   | 760  | 0.0000     | 558.7975   | 469.3457   | 0.8399
T   | 810  | 0.0000     | 121.0452   | 105.8143   | 0.8742
U   | 860  | 0.0000     | 70.2892    | 60.5021    | 0.8608
V   | 900  | 0.0000     | 105.9207   | 91.4769    | 0.8636
W   | 940  | 0.0000     | 61.7612    | 50.7324    | 0.8214

Potassium Nitrate
--- reflectance data ---
ch  | nm   | dark       | white      | sample     | reflectance
----------------------------------------------------------------------------
A   | 410  | 0.0000     | 29.9166    | 24.2567    | 0.8108
B   | 435  | 0.0000     | 135.6742   | 116.1527   | 0.8561
C   | 460  | 0.0000     | 458.6046   | 386.4432   | 0.8427
D   | 485  | 3.4855     | 256.1812   | 208.2561   | 0.8103
E   | 510  | 0.0000     | 380.3354   | 324.5834   | 0.8534
F   | 535  | 0.0000     | 494.2911   | 433.5887   | 0.8772
G   | 560  | 0.0000     | 428.3792   | 322.2900   | 0.7523
H   | 585  | 0.0000     | 645.9812   | 488.6087   | 0.7564
I   | 610  | 0.0000     | 514.9370   | 384.6316   | 0.7469
J   | 645  | 0.0000     | 121.7631   | 96.0878    | 0.7891
K   | 680  | 0.0000     | 14.9317    | 12.0602    | 0.8077
L   | 705  | 0.0000     | 21.1497    | 17.4715    | 0.8261
R   | 730  | 0.0000     | 1873.6044  | 1597.4156  | 0.8526
S   | 760  | 0.0000     | 558.7975   | 470.4500   | 0.8419
T   | 810  | 0.0000     | 121.0452   | 108.2192   | 0.8940
U   | 860  | 0.0000     | 70.2892    | 62.2816    | 0.8861
V   | 900  | 0.0000     | 105.9207   | 89.0697    | 0.8409
W   | 940  | 0.0000     | 61.7612    | 49.6295    | 0.8036

Talc
ch  | nm   | dark       | white      | sample     | reflectance
----------------------------------------------------------------------------
A   | 410  | 0.0000     | 29.9166    | 29.1081    | 0.9730
B   | 435  | 0.0000     | 135.6742   | 145.4350   | 1.0719
C   | 460  | 0.0000     | 458.6046   | 476.6449   | 1.0393
D   | 485  | 3.4855     | 256.1812   | 263.1521   | 1.0276
E   | 510  | 0.0000     | 380.3354   | 397.1374   | 1.0442
F   | 535  | 0.0000     | 494.2911   | 515.2478   | 1.0424
G   | 560  | 0.0000     | 428.3792   | 366.0329   | 0.8545
H   | 585  | 0.0000     | 645.9812   | 555.9868   | 0.8607
I   | 610  | 0.0000     | 514.9370   | 439.9380   | 0.8544
J   | 645  | 0.0000     | 121.7631   | 104.6462   | 0.8594
K   | 680  | 0.0000     | 14.9317    | 13.2088    | 0.8846
L   | 705  | 0.0000     | 21.1497    | 19.3106    | 0.9130
R   | 730  | 0.0000     | 1873.6044  | 1858.6752  | 0.9920
S   | 760  | 0.0000     | 558.7975   | 522.3541   | 0.9348
T   | 810  | 0.0000     | 121.0452   | 121.0452   | 1.0000
U   | 860  | 0.0000     | 70.2892    | 68.5097    | 0.9747
V   | 900  | 0.0000     | 105.9207   | 101.9085   | 0.9621
W   | 940  | 0.0000     | 61.7612    | 57.3496    | 0.9286
Copper(II) Sulfate
ch  | nm   | dark       | white      | sample     | reflectance
----------------------------------------------------------------------------
A   | 410  | 0.0000     | 29.9166    | 8.0856     | 0.2703
B   | 435  | 0.0000     | 135.6742   | 89.7988    | 0.6619
C   | 460  | 0.0000     | 458.6046   | 361.7564   | 0.7888
D   | 485  | 3.4855     | 256.1812   | 176.8870   | 0.6862
E   | 510  | 0.0000     | 380.3354   | 244.3922   | 0.6426
F   | 535  | 0.0000     | 494.2911   | 258.7079   | 0.5234
G   | 560  | 0.0000     | 428.3792   | 130.7260   | 0.3052
H   | 585  | 0.0000     | 645.9812   | 140.4102   | 0.2174
I   | 610  | 0.0000     | 514.9370   | 49.4407    | 0.0960
J   | 645  | 0.0000     | 121.7631   | 10.5035    | 0.0863
K   | 680  | 0.0000     | 14.9317    | 3.4458     | 0.2308
L   | 705  | 0.0000     | 21.1497    | 4.5978     | 0.2174
R   | 730  | 0.0000     | 1873.6044  | 386.0244   | 0.2060
S   | 760  | 0.0000     | 558.7975   | 47.4867    | 0.0850
T   | 810  | 0.0000     | 121.0452   | 11.2227    | 0.0927
U   | 860  | 0.0000     | 70.2892    | 8.8974     | 0.1266
V   | 900  | 0.0000     | 105.9207   | 21.6656    | 0.2045
W   | 940  | 0.0000     | 61.7612    | 9.9259     | 0.1607

Ascorbic Acid
ch  | nm   | dark       | white      | sample     | reflectance
----------------------------------------------------------------------------
A   | 410  | 0.0000     | 29.9166    | 23.4482    | 0.7838
B   | 435  | 0.0000     | 135.6742   | 120.0570   | 0.8849
C   | 460  | 0.0000     | 458.6046   | 403.5340   | 0.8799
D   | 485  | 3.4855     | 256.1812   | 218.7125   | 0.8517
E   | 510  | 0.0000     | 380.3354   | 343.6766   | 0.9036
F   | 535  | 0.0000     | 494.2911   | 450.9322   | 0.9123
G   | 560  | 0.0000     | 428.3792   | 342.4016   | 0.7993
H   | 585  | 0.0000     | 645.9812   | 498.0323   | 0.7710
I   | 610  | 0.0000     | 514.9370   | 370.8049   | 0.7201
J   | 645  | 0.0000     | 121.7631   | 96.4768    | 0.7923
K   | 680  | 0.0000     | 14.9317    | 12.0602    | 0.8077
L   | 705  | 0.0000     | 21.1497    | 16.5520    | 0.7826
R   | 730  | 0.0000     | 1873.6044  | 1644.3358  | 0.8776
S   | 760  | 0.0000     | 558.7975   | 461.6153   | 0.8261
T   | 810  | 0.0000     | 121.0452   | 104.2111   | 0.8609
U   | 860  | 0.0000     | 70.2892    | 59.6124    | 0.8481
V   | 900  | 0.0000     | 105.9207   | 91.4769    | 0.8636
W   | 940  | 0.0000     | 61.7612    | 50.7324    | 0.8214

Tartaric Acid
ch  | nm   | dark       | white      | sample     | reflectance
----------------------------------------------------------------------------
A   | 410  | 0.0000     | 29.9166    | 25.8738    | 0.8649
B   | 435  | 0.0000     | 135.6742   | 130.7939   | 0.9640
C   | 460  | 0.0000     | 458.6046   | 432.9683   | 0.9441
D   | 485  | 3.4855     | 256.1812   | 241.3680   | 0.9414
E   | 510  | 0.0000     | 380.3354   | 365.8246   | 0.9618
F   | 535  | 0.0000     | 494.2911   | 473.3343   | 0.9576
G   | 560  | 0.0000     | 428.3792   | 357.4854   | 0.8345
H   | 585  | 0.0000     | 645.9812   | 533.8416   | 0.8264
I   | 610  | 0.0000     | 514.9370   | 409.7709   | 0.7958
J   | 645  | 0.0000     | 121.7631   | 100.7560   | 0.8275
K   | 680  | 0.0000     | 14.9317    | 12.6345    | 0.8462
L   | 705  | 0.0000     | 21.1497    | 18.3911    | 0.8696
R   | 730  | 0.0000     | 1873.6044  | 1731.7776  | 0.9243
S   | 760  | 0.0000     | 558.7975   | 478.1804   | 0.8557
T   | 810  | 0.0000     | 121.0452   | 109.0208   | 0.9007
U   | 860  | 0.0000     | 70.2892    | 62.2816    | 0.8861
V   | 900  | 0.0000     | 105.9207   | 95.4891    | 0.9015
W   | 940  | 0.0000     | 61.7612    | 52.9381    | 0.8571


Magnesium Carbonate
ch  | nm   | dark       | white      | sample     | reflectance
----------------------------------------------------------------------------
A   | 410  | 0.0000     | 29.9166    | 31.5337    | 1.0541
B   | 435  | 0.0000     | 135.6742   | 162.0282   | 1.1942
C   | 460  | 0.0000     | 458.6046   | 539.3114   | 1.1760
D   | 485  | 3.4855     | 256.1812   | 291.9071   | 1.1414
E   | 510  | 0.0000     | 380.3354   | 453.6531   | 1.1928
F   | 535  | 0.0000     | 494.2911   | 593.2938   | 1.2003
G   | 560  | 0.0000     | 428.3792   | 398.7144   | 0.9308
H   | 585  | 0.0000     | 645.9812   | 580.4879   | 0.8986
I   | 610  | 0.0000     | 514.9370   | 452.0887   | 0.8779
J   | 645  | 0.0000     | 121.7631   | 115.9278   | 0.9521
K   | 680  | 0.0000     | 14.9317    | 14.3574    | 0.9615
L   | 705  | 0.0000     | 21.1497    | 21.1497    | 1.0000
R   | 730  | 0.0000     | 1873.6044  | 2124.2002  | 1.1338
S   | 760  | 0.0000     | 558.7975   | 611.8059   | 1.0949
T   | 810  | 0.0000     | 121.0452   | 136.2760   | 1.1258
U   | 860  | 0.0000     | 70.2892    | 78.2968    | 1.1139
V   | 900  | 0.0000     | 105.9207   | 118.7595   | 1.1212
W   | 940  | 0.0000     | 61.7612    | 67.2756    | 1.0893
Citric Acid
ch  | nm   | dark       | white      | sample     | reflectance
----------------------------------------------------------------------------
A   | 410  | 0.0000     | 29.9166    | 26.6824    | 0.8919
B   | 435  | 0.0000     | 135.6742   | 137.6264   | 1.0144
C   | 460  | 0.0000     | 458.6046   | 461.4530   | 1.0062
D   | 485  | 3.4855     | 256.1812   | 249.2102   | 0.9724
E   | 510  | 0.0000     | 380.3354   | 381.8628   | 1.0040
F   | 535  | 0.0000     | 494.2911   | 496.4590   | 1.0044
G   | 560  | 0.0000     | 428.3792   | 354.4687   | 0.8275
H   | 585  | 0.0000     | 645.9812   | 531.4856   | 0.8228
I   | 610  | 0.0000     | 514.9370   | 408.0949   | 0.7925
J   | 645  | 0.0000     | 121.7631   | 100.3670   | 0.8243
K   | 680  | 0.0000     | 14.9317    | 12.6345    | 0.8462
L   | 705  | 0.0000     | 21.1497    | 18.3911    | 0.8696
R   | 730  | 0.0000     | 1873.6044  | 1760.5696  | 0.9397
S   | 760  | 0.0000     | 558.7975   | 489.2239   | 0.8755
T   | 810  | 0.0000     | 121.0452   | 112.2273   | 0.9272
U   | 860  | 0.0000     | 70.2892    | 64.0610    | 0.9114
V   | 900  | 0.0000     | 105.9207   | 96.2915    | 0.9091
W   | 940  | 0.0000     | 61.7612    | 52.9381    | 0.8571
